Função: 73.4523*e**(0.1*x)-53.4523*e**(-0.1*x)+20
Z(0) = 1798.184765986811
Y = 199.99999999999937
